qn = [
    np.array([0.49805356, 0.10012646, 0.19241237]),
    np.array([-0.2200, 0.4600, 0.1200]),
    np.array([-0.2200, 0.4600, 0.1000]),
    np.array([-0.2300, 0.4512, 0.1000]),
    np.array([-0.2375, 0.4425, 0.1000]),
    np.array([-0.2450, 0.4337, 0.1000]),
    np.array([-0.2512, 0.4250, 0.1000]),
    np.array([-0.2588, 0.4163, 0.1000]),
    np.array([-0.2662, 0.4050, 0.1000]),
    np.array([-0.2750, 0.3937, 0.1000]),
    np.array([-0.2838, 0.3825, 0.1000]),
    np.array([-0.2900, 0.3725, 0.1000]),
    np.array([-0.2987, 0.3612, 0.1000]),
    np.array([-0.3063, 0.3512, 0.1000]),
    np.array([-0.3113, 0.3425, 0.1000]),
    np.array([-0.3013, 0.3463, 0.1000]),
    np.array([-0.2913, 0.3550, 0.1000]),
    np.array([-0.2800, 0.3650, 0.1000]),
    np.array([-0.2700, 0.3737, 0.1000]),
    np.array([-0.2600, 0.3812, 0.1000]),
    np.array([-0.2512, 0.3862, 0.1000]),
    np.array([-0.2425, 0.3925, 0.1000]),
    np.array([-0.2300, 0.3962, 0.1000]),
    np.array([-0.2200, 0.4012, 0.1000]),
    np.array([-0.2087, 0.4062, 0.1000]),
    np.array([-0.2000, 0.4125, 0.1000]),
    np.array([-0.1887, 0.4200, 0.1000]),
    np.array([-0.1788, 0.4300, 0.1000]),
    np.array([-0.1688, 0.4375, 0.1000]),
    np.array([-0.1588, 0.4462, 0.1000]),
    np.array([-0.1500, 0.4512, 0.1000]),
    np.array([-0.1512, 0.4412, 0.1000]),
    np.array([-0.1550, 0.4312, 0.1000]),
    np.array([-0.1588, 0.4200, 0.1000]),
    np.array([-0.1650, 0.4075, 0.1000]),
    np.array([-0.1800, 0.3812, 0.1000]),
    np.array([-0.1925, 0.3612, 0.1000]),
    np.array([-0.2037, 0.3375, 0.1000]),
    np.array([-0.2087, 0.3237, 0.1000]),
    np.array([-0.1987, 0.3275, 0.1000]),
    np.array([-0.1900, 0.3375, 0.1000]),
    np.array([-0.1825, 0.3463, 0.1000]),
    np.array([-0.1750, 0.3550, 0.1000]),
    np.array([-0.1663, 0.3650, 0.1000]),
    np.array([-0.1588, 0.3737, 0.1000]),
    np.array([-0.1500, 0.3825, 0.1000]),
    np.array([-0.1425, 0.3912, 0.1000]),
    np.array([-0.1350, 0.4000, 0.1000]),
    np.array([-0.1275, 0.4075, 0.1000]),
    np.array([-0.1200, 0.4163, 0.1000]),
    np.array([-0.1100, 0.4250, 0.1000]),
    np.array([-0.1013, 0.4325, 0.1000]),
    np.array([-0.0938, 0.4400, 0.1000]),
    np.array([-0.0850, 0.4475, 0.1000]),
    np.array([-0.0775, 0.4550, 0.1000]),
    np.array([-0.0700, 0.4475, 0.1000]),
    np.array([-0.0700, 0.4362, 0.1000]),
    np.array([-0.0712, 0.4250, 0.1000]),
    np.array([-0.0737, 0.4137, 0.1000]),
    np.array([-0.0762, 0.4000, 0.1000]),
    np.array([-0.0775, 0.3900, 0.1000]),
    np.array([-0.0800, 0.3762, 0.1000]),
    np.array([-0.0812, 0.3662, 0.1000]),
    np.array([-0.0812, 0.3525, 0.1000]),
    np.array([-0.0812, 0.3425, 0.1000]),
    np.array([-0.0800, 0.3325, 0.1000]),
    np.array([-0.0700, 0.3325, 0.1000]),
    np.array([-0.0637, 0.3463, 0.1000]),
    np.array([-0.0588, 0.3562, 0.1000]),
    np.array([-0.0538, 0.3675, 0.1000]),
    np.array([-0.0488, 0.3787, 0.1000]),
    np.array([-0.0438, 0.3887, 0.1000]),
    np.array([-0.0400, 0.3987, 0.1000]),
    np.array([-0.0375, 0.4087, 0.1000]),
    np.array([-0.0338, 0.4200, 0.1000]),
    np.array([-0.0287, 0.4300, 0.1000]),
    np.array([-0.0262, 0.4400, 0.1000]),
    np.array([-0.0212, 0.4500, 0.1000]),
    np.array([-0.0112, 0.4512, 0.1000]),
    np.array([-0.0062, 0.4412, 0.1000]),
    np.array([-0.0012, 0.4325, 0.1000]),
    np.array([0.0012, 0.4225, 0.1000]),
    np.array([0.0038, 0.4125, 0.1000]),
    np.array([0.0050, 0.4000, 0.1000]),
    np.array([0.0050, 0.3875, 0.1000]),
    np.array([0.0062, 0.3737, 0.1000]),
    np.array([0.0062, 0.3600, 0.1000]),
    np.array([0.0075, 0.3500, 0.1000]),
    np.array([0.0100, 0.3387, 0.1000]),
    np.array([0.0150, 0.3275, 0.1000]),
    np.array([0.0200, 0.3362, 0.1000]),
    np.array([0.0200, 0.3475, 0.1000]),
    np.array([0.0200, 0.3600, 0.1000]),
    np.array([0.0188, 0.3725, 0.1000]),
    np.array([0.0162, 0.3837, 0.1000]),
    np.array([0.0138, 0.3950, 0.1000]),
    np.array([0.0100, 0.4075, 0.1000]),
    np.array([0.0088, 0.4175, 0.1000]),
    np.array([0.0088, 0.4275, 0.1000]),
    np.array([0.0100, 0.4375, 0.1000]),
    np.array([0.0200, 0.4312, 0.1000]),
    np.array([0.0238, 0.4213, 0.1000]),
    np.array([0.0300, 0.4125, 0.1000]),
    np.array([0.0387, 0.4025, 0.1000]),
    np.array([0.0487, 0.3937, 0.1000]),
    np.array([0.0550, 0.3850, 0.1000]),
    np.array([0.0625, 0.3750, 0.1000]),
    np.array([0.0687, 0.3662, 0.1000]),
    np.array([0.0763, 0.3575, 0.1000]),
    np.array([0.0837, 0.3475, 0.1000]),
    np.array([0.0913, 0.3400, 0.1000]),
    np.array([0.0988, 0.3325, 0.1000]),
    np.array([0.1012, 0.3438, 0.1000]),
    np.array([0.0962, 0.3538, 0.1000]),
    np.array([0.0913, 0.3650, 0.1000]),
    np.array([0.0863, 0.3737, 0.1000]),
    np.array([0.0813, 0.3837, 0.1000]),
    np.array([0.0763, 0.3925, 0.1000]),
    np.array([0.0713, 0.4025, 0.1000]),
    np.array([0.0650, 0.4125, 0.1000]),
    np.array([0.0600, 0.4213, 0.1000]),
    np.array([0.0700, 0.4225, 0.1000]),
    np.array([0.0813, 0.4175, 0.1000]),
    np.array([0.0913, 0.4113, 0.1000]),
    np.array([0.1025, 0.4025, 0.1000]),
    np.array([0.1150, 0.3950, 0.1000]),
    np.array([0.1238, 0.3900, 0.1000]),
    np.array([0.1362, 0.3850, 0.1000]),
    np.array([0.1500, 0.3812, 0.1000]),
    np.array([0.1637, 0.3812, 0.1000]),
    np.array([0.1737, 0.3812, 0.1000]),
    np.array([0.1850, 0.3812, 0.1000]),
    np.array([0.1987, 0.3812, 0.1000]),
    np.array([0.2087, 0.3812, 0.1000]),
    np.array([0.2037, 0.3962, 0.1000]),
    np.array([0.1963, 0.4062, 0.1000]),
    np.array([0.1887, 0.4150, 0.1000]),
    np.array([0.1800, 0.4213, 0.1000]),
    np.array([0.1713, 0.4287, 0.1000]),
    np.array([0.1613, 0.4350, 0.1000]),
    np.array([0.1525, 0.4400, 0.1000]),
    np.array([0.1400, 0.4475, 0.1000]),
    np.array([0.1300, 0.4525, 0.1000]),
    np.array([0.1200, 0.4562, 0.1000]),
    np.array([0.1112, 0.4612, 0.1000]),
    np.array([0.1238, 0.4612, 0.1000]),
    np.array([0.1338, 0.4600, 0.1000]),
    np.array([0.1438, 0.4600, 0.1000]),
    np.array([0.1550, 0.4587, 0.1000]),
    np.array([0.1675, 0.4587, 0.1000]),
    np.array([0.1800, 0.4600, 0.1000]),
    np.array([0.1913, 0.4612, 0.1000]),
    np.array([0.2037, 0.4637, 0.1000]),
    np.array([0.2137, 0.4662, 0.1000]),
    np.array([0.2262, 0.4700, 0.1000]),
    np.array([0.2362, 0.4738, 0.1000]),
    np.array([0.2462, 0.4775, 0.1000]),
    np.array([0.2588, 0.4812, 0.1000]),
    np.array([0.2700, 0.4850, 0.1000]),
    np.array([0.2612, 0.4950, 0.1000]),
    np.array([0.2500, 0.4962, 0.1000]),
    np.array([0.2400, 0.4950, 0.1000]),
    np.array([0.2288, 0.4950, 0.1000]),
    np.array([0.2188, 0.4925, 0.1000]),
    np.array([0.2075, 0.4900, 0.1000]),
    np.array([0.1950, 0.4875, 0.1000]),
    np.array([0.1813, 0.4850, 0.1000]),
    np.array([0.1663, 0.4812, 0.1000]),
    np.array([0.1512, 0.4775, 0.1000]),
    np.array([0.1388, 0.4750, 0.1000]),
    np.array([0.1250, 0.4712, 0.1000]),
    np.array([0.1112, 0.4662, 0.1000]),
    np.array([0.1000, 0.4625, 0.1000]),
    np.array([0.0900, 0.4575, 0.1000]),
    np.array([0.0800, 0.4537, 0.1000]),
    np.array([0.0763, 0.4512, 0.1000]),
    np.array([0.0763, 0.4512, 0.1200]),
    # End of stroke
]